243                                                        
41                                                        
59                                                        
174                                                        
246                                                        
173                                                        
160                                                        
228                                                        
16                                                        
71                                                        
241                                                        
60                                                        
90                                                        
226                                                        
133                                                        
212                                                        
107                                                        
23                                                        
195                                                        
171                                                        
114                                                        
38                                                        
201                                                        
131                                                        
23                                                        
194                                                        
83                                                        
167                                                        
163                                                        
138                                                        
54                                                        
198                                                        
252                                                        
253                                                        
96                                                        
82                                                        
76                                                        
57                                                        
24                                                        
18                                                        
81                                                        
225                                                        
254                                                        
157                                                        
116                                                        
160                                                        
137                                                        
244                                                        
75                                                        
184                                                        
41                                                        
191                                                        
123                                                        
6                                                        
47                                                        
29                                                        
26                                                        
223                                                        
68                                                        
187                                                        
171                                                        
77                                                        
117                                                        
54                                                        
61                                                        
210                                                        
36                                                        
144                                                        
93                                                        
119                                                        
81                                                        
60                                                        
106                                                        
160                                                        
56                                                        
212                                                        
57                                                        
13                                                        
162                                                        
33                                                        
36                                                        
91                                                        
25                                                        
3                                                        
174                                                        
152                                                        
30                                                        
125                                                        
235                                                        
157                                                        
77                                                        
112                                                        
225                                                        
49                                                        
122                                                        
66                                                        
72                                                        
64                                                        
85                                                        
169                                                        
130                                                        
101                                                        
179                                                        
183                                                        
31                                                        
201                                                        
110                                                        
53                                                        
36                                                        
199                                                        
7                                                        
239                                                        
17                                                        
157                                                        
177                                                        
189                                                        
80                                                        
138                                                        
185                                                        
253                                                        
32                                                        
33                                                        
218                                                        
254                                                        
102                                                        
21                                                        
138                                                        
171                                                        
57                                                        
241                                                        
12                                                        
170                                                        
37                                                        
59                                                        
61                                                        
31                                                        
125                                                        
30                                                        
64                                                        
206                                                        
112                                                        
145                                                        
138                                                        
16                                                        
14                                                        
100                                                        
182                                                        
62                                                        
215                                                        
224                                                        
